195.054,-458.92
195.325,-458.92
195.596,-458.92
195.867,133.08
196.138,129.08
196.409,139.08
196.68,146.08
196.951,148.08
197.222,134.08
197.493,140.08
197.764,128.08
198.035,135.08
198.306,144.08
198.577,145.08
198.848,145.08
199.119,151.08
199.389,141.08
199.66,144.08
199.931,153.08
200.202,157.08
200.473,150.08
200.744,146.08
201.014,156.08
201.285,158.08
201.556,141.08
201.827,162.08
202.097,154.08
202.368,147.08
202.639,132.08
202.91,136.08
203.18,147.08
203.451,144.08
203.722,158.08
203.992,158.08
204.263,145.08
204.534,144.08
204.804,153.08
205.075,151.08
205.346,142.08
205.616,141.08
205.887,154.08
206.158,148.08
206.428,154.08
206.699,152.08
206.969,158.08
207.24,157.08
207.51,164.08
207.781,150.08
208.052,142.08
208.322,155.08
208.593,145.08
208.863,156.08
209.134,154.08
209.404,140.08
209.675,149.08
209.945,153.08
210.215,147.08
210.486,137.08
210.756,145.08
211.027,144.08
211.297,146.08
211.568,154.08
211.838,161.08
212.108,150.08
212.379,153.08
212.649,157.08
212.92,139.08
213.19,137.08
213.46,151.08
213.731,143.08
214.001,147.08
214.271,148.08
214.542,152.08
214.812,147.08
215.082,129.08
215.352,144.08
215.623,146.08
215.893,145.08
216.163,143.08
216.433,145.08
216.704,153.08
216.974,153.08
217.244,146.08
217.514,135.08
217.784,146.08
218.055,149.08
218.325,134.08
218.595,143.08
218.865,153.08
219.135,149.08
219.405,158.08
219.675,157.08
219.945,150.08
220.216,154.08
220.486,141.08
220.756,139.08
221.026,152.08
221.296,152.08
221.566,156.08
221.836,139.08
222.106,150.08
222.376,152.08
222.646,146.08
222.916,145.08
223.186,151.08
223.456,154.08
223.726,146.08
223.996,152.08
224.266,152.08
224.536,158.08
224.806,146.08
225.076,146.08
225.345,160.08
225.615,149.08
225.885,139.08
226.155,142.08
226.425,166.08
226.695,158.08
226.965,165.08
227.235,165.08
227.504,147.08
227.774,152.08
228.044,157.08
228.314,159.08
228.584,159.08
228.853,147.08
229.123,157.08
229.393,151.08
229.663,144.08
229.932,151.08
230.202,159.08
230.472,145.08
230.741,153.08
231.011,152.08
231.281,146.08
231.551,151.08
231.82,143.08
232.09,161.08
232.36,148.08
232.629,146.08
232.899,147.08
233.168,144.08
233.438,146.08
233.708,143.08
233.977,159.08
234.247,140.08
234.516,148.08
234.786,145.08
235.055,138.08
235.325,138.08
235.595,150.08
235.864,147.08
236.134,142.08
236.403,154.08
236.673,149.08
236.942,148.08
237.212,142.08
237.481,129.08
237.75,147.08
238.02,149.08
238.289,139.08
238.559,141.08
238.828,162.08
239.098,144.08
239.367,153.08
239.636,153.08
239.906,145.08
240.175,147.08
240.444,154.08
240.714,157.08
240.983,161.08
241.252,147.08
241.522,156.08
241.791,140.08
242.06,154.08
242.33,163.08
242.599,151.08
242.868,152.08
243.137,144.08
243.407,146.08
243.676,152.08
243.945,152.08
244.214,148.08
244.484,161.08
244.753,151.08
245.022,148.08
245.291,162.08
245.56,149.08
245.829,137.08
246.099,152.08
246.368,147.08
246.637,134.08
246.906,148.08
247.175,152.08
247.444,146.08
247.713,137.08
247.982,138.08
248.251,152.08
248.52,135.08
248.79,150.08
249.059,141.08
249.328,149.08
249.597,154.08
249.866,160.08
250.135,156.08
250.404,153.08
250.673,142.08
250.942,150.08
251.211,140.08
251.479,150.08
251.748,149.08
252.017,149.08
252.286,149.08
252.555,157.08
252.824,157.08
253.093,142.08
253.362,157.08
253.631,155.08
253.9,144.08
254.168,148.08
254.437,145.08
254.706,147.08
254.975,150.08
255.244,151.08
255.513,139.08
255.781,144.08
256.05,143.08
256.319,149.08
256.588,154.08
256.856,161.08
257.125,148.08
257.394,146.08
257.663,154.08
257.931,143.08
258.2,141.08
258.469,140.08
258.737,143.08
259.006,143.08
259.275,142.08
259.543,158.08
259.812,150.08
260.081,154.08
260.349,148.08
260.618,153.08
260.887,151.08
261.155,152.08
261.424,165.08
261.692,159.08
261.961,152.08
262.229,146.08
262.498,148.08
262.767,158.08
263.035,147.08
263.304,149.08
263.572,145.08
263.841,145.08
264.109,156.08
264.378,146.08
264.646,143.08
264.915,141.08
265.183,153.08
265.451,148.08
265.72,150.08
265.988,157.08
266.257,149.08
266.525,138.08
266.793,149.08
267.062,139.08
267.33,146.08
267.599,143.08
267.867,133.08
268.135,151.08
268.404,149.08
268.672,147.08
268.94,153.08
269.209,152.08
269.477,158.08
269.745,154.08
270.013,154.08
270.282,145.08
270.55,155.08
270.818,145.08
271.086,152.08
271.355,154.08
271.623,152.08
271.891,153.08
272.159,159.08
272.427,155.08
272.696,147.08
272.964,141.08
273.232,142.08
273.5,151.08
273.768,145.08
274.036,143.08
274.305,155.08
274.573,155.08
274.841,155.08
275.109,147.08
275.377,139.08
275.645,148.08
275.913,155.08
276.181,150.08
276.449,151.08
276.717,151.08
276.985,141.08
277.253,147.08
277.521,150.08
277.789,155.08
278.057,160.08
278.325,150.08
278.593,144.08
278.861,153.08
279.129,144.08
279.397,138.08
279.665,138.08
279.933,139.08
280.201,153.08
280.469,147.08
280.736,139.08
281.004,154.08
281.272,166.08
281.54,155.08
281.808,149.08
282.076,148.08
282.344,148.08
282.611,146.08
282.879,149.08
283.147,151.08
283.415,156.08
283.683,149.08
283.95,151.08
284.218,151.08
284.486,150.08
284.754,143.08
285.021,147.08
285.289,143.08
285.557,151.08
285.824,143.08
286.092,151.08
286.36,161.08
286.628,141.08
286.895,141.08
287.163,133.08
287.43,138.08
287.698,156.08
287.966,154.08
288.233,157.08
288.501,154.08
288.769,137.08
289.036,137.08
289.304,146.08
289.571,158.08
289.839,150.08
290.106,135.08
290.374,143.08
290.641,149.08
290.909,141.08
291.176,155.08
291.444,151.08
291.711,158.08
291.979,155.08
292.246,155.08
292.514,146.08
292.781,158.08
293.049,143.08
293.316,148.08
293.584,150.08
293.851,145.08
294.118,144.08
294.386,157.08
294.653,149.08
294.921,138.08
295.188,153.08
295.455,151.08
295.723,147.08
295.99,152.08
296.257,148.08
296.525,149.08
296.792,137.08
297.059,136.08
297.326,134.08
297.594,150.08
297.861,143.08
298.128,147.08
298.396,146.08
298.663,146.08
298.93,142.08
299.197,142.08
299.464,157.08
299.732,140.08
299.999,144.08
300.266,153.08
300.533,154.08
300.8,150.08
301.067,148.08
301.335,157.08
301.602,157.08
301.869,144.08
302.136,131.08
302.403,145.08
302.67,150.08
302.937,140.08
303.204,140.08
303.471,150.08
303.738,143.08
304.005,146.08
304.272,151.08
304.539,150.08
304.807,154.08
305.074,153.08
305.341,142.08
305.607,149.08
305.874,142.08
306.141,129.08
306.408,142.08
306.675,146.08
306.942,146.08
307.209,138.08
307.476,143.08
307.743,141.08
308.01,151.08
308.277,145.08
308.544,141.08
308.811,139.08
309.077,155.08
309.344,159.08
309.611,157.08
309.878,150.08
310.145,160.08
310.412,146.08
310.678,163.08
310.945,156.08
311.212,158.08
311.479,147.08
311.745,151.08
312.012,139.08
312.279,136.08
312.546,151.08
312.812,147.08
313.079,148.08
313.346,142.08
313.613,150.08
313.879,152.08
314.146,156.08
314.413,154.08
314.679,149.08
314.946,150.08
315.213,147.08
315.479,147.08
315.746,148.08
316.012,150.08
316.279,139.08
316.546,148.08
316.812,142.08
317.079,146.08
317.345,144.08
317.612,144.08
317.878,163.08
318.145,147.08
318.411,147.08
318.678,153.08
318.944,153.08
319.211,142.08
319.477,133.08
319.744,151.08
320.01,156.08
320.277,153.08
320.543,157.08
320.81,141.08
321.076,148.08
321.342,151.08
321.609,139.08
321.875,146.08
322.142,147.08
322.408,149.08
322.674,147.08
322.941,160.08
323.207,152.08
323.473,154.08
323.74,148.08
324.006,143.08
324.272,149.08
324.539,163.08
324.805,154.08
325.071,149.08
325.338,142.08
325.604,149.08
325.87,162.08
326.136,156.08
326.403,155.08
326.669,158.08
326.935,164.08
327.201,157.08
327.467,144.08
327.734,144.08
328,142.08
328.266,135.08
328.532,142.08
328.798,154.08
329.064,149.08
329.33,154.08
329.597,144.08
329.863,141.08
330.129,146.08
330.395,150.08
330.661,154.08
330.927,151.08
331.193,147.08
331.459,149.08
331.725,153.08
331.991,146.08
332.257,153.08
332.523,153.08
332.789,137.08
333.055,159.08
333.321,151.08
333.587,154.08
333.853,149.08
334.119,150.08
334.385,148.08
334.651,155.08
334.917,154.08
335.183,150.08
335.449,150.08
335.715,147.08
335.981,152.08
336.246,157.08
336.512,161.08
336.778,155.08
337.044,142.08
337.31,145.08
337.576,146.08
337.842,153.08
338.107,149.08
338.373,157.08
338.639,156.08
338.905,145.08
339.17,146.08
339.436,147.08
339.702,152.08
339.968,153.08
340.233,146.08
340.499,149.08
340.765,155.08
341.031,148.08
341.296,143.08
341.562,146.08
341.828,150.08
342.093,160.08
342.359,139.08
342.625,146.08
342.89,155.08
343.156,145.08
343.422,150.08
343.687,159.08
343.953,158.08
344.218,155.08
344.484,149.08
344.749,148.08
345.015,138.08
345.281,148.08
345.546,162.08
345.812,149.08
346.077,161.08
346.343,159.08
346.608,149.08
346.874,151.08
347.139,150.08
347.405,135.08
347.67,139.08
347.936,136.08
348.201,136.08
348.466,133.08
348.732,156.08
348.997,149.08
349.263,155.08
349.528,155.08
349.794,150.08
350.059,158.08
350.324,162.08
350.59,150.08
350.855,172.08
351.12,160.08
351.386,143.08
351.651,152.08
351.916,144.08
352.182,161.08
352.447,163.08
352.712,152.08
352.977,138.08
353.243,151.08
353.508,152.08
353.773,148.08
354.038,161.08
354.304,156.08
354.569,153.08
354.834,149.08
355.099,151.08
355.364,156.08
355.63,160.08
355.895,161.08
356.16,145.08
356.425,158.08
356.69,162.08
356.955,166.08
357.221,157.08
357.486,159.08
357.751,157.08
358.016,154.08
358.281,153.08
358.546,156.08
358.811,148.08
359.076,160.08
359.341,156.08
359.606,145.08
359.871,155.08
360.136,147.08
360.401,153.08
360.666,157.08
360.931,161.08
361.196,154.08
361.461,146.08
361.726,141.08
361.991,147.08
362.256,138.08
362.521,147.08
362.786,162.08
363.051,156.08
363.316,172.08
363.581,162.08
363.846,148.08
364.11,153.08
364.375,161.08
364.64,150.08
364.905,158.08
365.17,159.08
365.435,155.08
365.699,146.08
365.964,144.08
366.229,152.08
366.494,161.08
366.759,144.08
367.023,171.08
367.288,161.08
367.553,143.08
367.818,153.08
368.082,163.08
368.347,142.08
368.612,141.08
368.877,158.08
369.141,158.08
369.406,149.08
369.671,149.08
369.935,143.08
370.2,153.08
370.465,152.08
370.729,149.08
370.994,168.08
371.258,150.08
371.523,155.08
371.788,153.08
372.052,167.08
372.317,170.08
372.581,167.08
372.846,157.08
373.111,157.08
373.375,156.08
373.64,168.08
373.904,161.08
374.169,152.08
374.433,158.08
374.698,159.08
374.962,157.08
375.227,146.08
375.491,143.08
375.756,162.08
376.02,157.08
376.284,147.08
376.549,151.08
376.813,148.08
377.078,161.08
377.342,163.08
377.606,156.08
377.871,163.08
378.135,159.08
378.4,162.08
378.664,158.08
378.928,162.08
379.193,161.08
379.457,159.08
379.721,142.08
379.986,150.08
380.25,160.08
380.514,157.08
380.778,142.08
381.043,166.08
381.307,149.08
381.571,159.08
381.835,164.08
382.1,154.08
382.364,157.08
382.628,144.08
382.892,161.08
383.157,153.08
383.421,143.08
383.685,151.08
383.949,162.08
384.213,165.08
384.477,150.08
384.741,149.08
385.006,157.08
385.27,161.08
385.534,169.08
385.798,160.08
386.062,148.08
386.326,157.08
386.59,166.08
386.854,160.08
387.118,159.08
387.382,162.08
387.646,154.08
387.91,154.08
388.174,146.08
388.438,147.08
388.702,154.08
388.966,154.08
389.23,148.08
389.494,146.08
389.758,152.08
390.022,154.08
390.286,162.08
390.55,151.08
390.814,154.08
391.078,161.08
391.342,162.08
391.606,155.08
391.87,152.08
392.133,160.08
392.397,161.08
392.661,145.08
392.925,142.08
393.189,153.08
393.453,163.08
393.716,153.08
393.98,151.08
394.244,166.08
394.508,161.08
394.772,156.08
395.035,165.08
395.299,162.08
395.563,158.08
395.827,161.08
396.09,166.08
396.354,163.08
396.618,157.08
396.882,164.08
397.145,166.08
397.409,156.08
397.673,157.08
397.936,155.08
398.2,161.08
398.464,156.08
398.727,152.08
398.991,144.08
399.254,174.08
399.518,158.08
399.782,169.08
400.045,165.08
400.309,168.08
400.572,173.08
400.836,172.08
401.099,162.08
401.363,168.08
401.627,169.08
401.89,166.08
402.154,177.08
402.417,173.08
402.681,161.08
402.944,154.08
403.208,168.08
403.471,158.08
403.734,158.08
403.998,158.08
404.261,160.08
404.525,163.08
404.788,175.08
405.052,162.08
405.315,156.08
405.578,158.08
405.842,168.08
406.105,172.08
406.368,182.08
406.632,178.08
406.895,156.08
407.159,167.08
407.422,171.08
407.685,178.08
407.948,186.08
408.212,186.08
408.475,180.08
408.738,168.08
409.002,167.08
409.265,186.08
409.528,183.08
409.791,175.08
410.055,185.08
410.318,185.08
410.581,190.08
410.844,192.08
411.107,192.08
411.371,203.08
411.634,209.08
411.897,194.08
412.16,185.08
412.423,192.08
412.686,202.08
412.95,208.08
413.213,202.08
413.476,204.08
413.739,204.08
414.002,201.08
414.265,209.08
414.528,218.08
414.791,213.08
415.054,217.08
415.317,225.08
415.58,233.08
415.843,222.08
416.106,234.08
416.369,241.08
416.632,250.08
416.895,249.08
417.158,253.08
417.421,256.08
417.684,257.08
417.947,265.08
418.21,266.08
418.473,262.08
418.736,268.08
418.999,291.08
419.262,293.08
419.525,307.08
419.788,302.08
420.05,309.08
420.313,323.08
420.576,318.08
420.839,330.08
421.102,354.08
421.365,342.08
421.627,371.08
421.89,394.08
422.153,395.08
422.416,390.08
422.679,417.08
422.941,458.08
423.204,453.08
423.467,462.08
423.73,484.08
423.992,507.08
424.255,528.08
424.518,524.08
424.781,562.08
425.043,586.08
425.306,592.08
425.569,608.08
425.831,653.08
426.094,652.08
426.357,670.08
426.619,687.08
426.882,726.08
427.145,767.08
427.407,808.08
427.67,823.08
427.932,866.08
428.195,903.08
428.458,917.08
428.72,977.08
428.983,1017.08
429.245,1038.08
429.508,1090.08
429.77,1125.08
430.033,1162.08
430.295,1225.08
430.558,1277.08
430.82,1297.08
431.083,1344.08
431.345,1406.08
431.608,1446.08
431.87,1544.08
432.133,1594.08
432.395,1655.08
432.657,1732.08
432.92,1789.08
433.182,1836.08
433.445,1901.08
433.707,1955.08
433.969,2021.08
434.232,2085.08
434.494,2183.08
434.757,2271.08
435.019,2336.08
435.281,2408.08
435.544,2534.08
435.806,2607.08
436.068,2667.08
436.33,2727.08
436.593,2874.08
436.855,2940.08
437.117,2992.08
437.38,3112.08
437.642,3217.08
437.904,3319.08
438.166,3388.08
438.428,3520.08
438.691,3642.08
438.953,3726.08
439.215,3829.08
439.477,3910.08
439.739,4143.08
440.002,4218.08
440.264,4279.08
440.526,4387.08
440.788,4496.08
441.05,4682.08
441.312,4747.08
441.574,4860.08
441.837,5048.08
442.099,5139.08
442.361,5288.08
442.623,5454.08
442.885,5615.08
443.147,5550.08
443.409,5836.08
443.671,6022.08
443.933,6115.08
444.195,6263.08
444.457,6398.08
444.719,6525.08
444.981,6603.08
445.243,6720.08
445.505,6963.08
445.767,6886.08
446.029,7056.08
446.291,7186.08
446.553,7347.08
446.815,7480.08
447.077,7702.08
447.339,7759.08
447.6,7817.08
447.862,8001.08
448.124,8097.08
448.386,8196.08
448.648,8350.08
448.91,8420.08
449.172,8429.08
449.433,8606.08
449.695,8577.08
449.957,8656.08
450.219,8803.08
450.481,8929.08
450.742,8843.08
451.004,9020.08
451.266,9161.08
451.528,9184.08
451.789,9139.08
452.051,9265.08
452.313,9397.08
452.575,9534.08
452.836,9575.08
453.098,9432.08
453.36,9371.08
453.621,9363.08
453.883,9399.08
454.145,9333.08
454.406,9241.08
454.668,9560.08
454.93,9450.08
455.191,9278.08
455.453,9234.08
455.715,9179.08
455.976,8981.08
456.238,9176.08
456.499,9155.08
456.761,9084.08
457.022,8970.08
457.284,8852.08
457.546,8818.08
457.807,8694.08
458.069,8689.08
458.33,8530.08
458.592,8564.08
458.853,8381.08
459.115,8319.08
459.376,8258.08
459.638,8129.08
459.899,7949.08
460.161,7880.08
460.422,7746.08
460.683,7696.08
460.945,7634.08
461.206,7439.08
461.468,7266.08
461.729,7200.08
461.99,7189.08
462.252,6957.08
462.513,6878.08
462.775,6656.08
463.036,6647.08
463.297,6489.08
463.559,6358.08
463.82,6203.08
464.081,6200.08
464.342,6092.08
464.604,5922.08
464.865,5811.08
465.126,5797.08
465.388,5607.08
465.649,5489.08
465.91,5410.08
466.171,5393.08
466.433,5227.08
466.694,5185.08
466.955,5086.08
467.216,5053.08
467.477,4859.08
467.739,4806.08
468,4705.08
468.261,4561.08
468.522,4494.08
468.783,4452.08
469.044,4363.08
469.306,4346.08
469.567,4223.08
469.828,4167.08
470.089,4105.08
470.35,3992.08
470.611,3940.08
470.872,3832.08
471.133,3735.08
471.394,3659.08
471.655,3635.08
471.916,3581.08
472.177,3533.08
472.438,3431.08
472.699,3365.08
472.96,3313.08
473.221,3289.08
473.482,3193.08
473.743,3146.08
474.004,3117.08
474.265,3022.08
474.526,2896.08
474.787,2866.08
475.048,2807.08
475.309,2768.08
475.57,2746.08
475.831,2668.08
476.092,2611.08
476.352,2602.08
476.613,2527.08
476.874,2479.08
477.135,2462.08
477.396,2358.08
477.657,2311.08
477.918,2256.08
478.178,2229.08
478.439,2181.08
478.7,2166.08
478.961,2125.08
479.222,2101.08
479.482,2024.08
479.743,2038.08
480.004,2051.08
480.265,2025.08
480.525,1955.08
480.786,1928.08
481.047,1914.08
481.307,1855.08
481.568,1829.08
481.829,1854.08
482.089,1785.08
482.35,1779.08
482.611,1773.08
482.871,1767.08
483.132,1740.08
483.393,1733.08
483.653,1697.08
483.914,1683.08
484.175,1691.08
484.435,1668.08
484.696,1661.08
484.956,1677.08
485.217,1669.08
485.477,1655.08
485.738,1666.08
485.999,1677.08
486.259,1669.08
486.52,1669.08
486.78,1701.08
487.041,1704.08
487.301,1709.08
487.562,1721.08
487.822,1750.08
488.083,1768.08
488.343,1762.08
488.603,1774.08
488.864,1753.08
489.124,1782.08
489.385,1771.08
489.645,1830.08
489.906,1850.08
490.166,1855.08
490.426,1891.08
490.687,1905.08
490.947,1927.08
491.207,1967.08
491.468,2005.08
491.728,2063.08
491.988,2087.08
492.249,2114.08
492.509,2161.08
492.769,2198.08
493.03,2234.08
493.29,2286.08
493.55,2310.08
493.81,2367.08
494.071,2444.08
494.331,2499.08
494.591,2535.08
494.851,2585.08
495.112,2629.08
495.372,2690.08
495.632,2768.08
495.892,2805.08
496.152,2838.08
496.413,2907.08
496.673,2975.08
496.933,3018.08
497.193,3125.08
497.453,3191.08
497.713,3232.08
497.973,3302.08
498.234,3363.08
498.494,3463.08
498.754,3533.08
499.014,3599.08
499.274,3674.08
499.534,3770.08
499.794,3812.08
500.054,3867.08
500.314,3915.08
500.574,4001.08
500.834,4082.08
501.094,4162.08
501.354,4245.08
501.614,4305.08
501.874,4387.08
502.134,4491.08
502.394,4563.08
502.654,4599.08
502.914,4650.08
503.174,4717.08
503.434,4828.08
503.694,4914.08
503.954,4963.08
504.213,5055.08
504.473,5103.08
504.733,5179.08
504.993,5261.08
505.253,5330.08
505.513,5389.08
505.773,5452.08
506.033,5504.08
506.292,5537.08
506.552,5598.08
506.812,5657.08
507.072,5746.08
507.332,5769.08
507.591,5762.08
507.851,5802.08
508.111,5881.08
508.371,5849.08
508.63,5953.08
508.89,6012.08
509.15,6025.08
509.41,6044.08
509.669,6085.08
509.929,6114.08
510.189,6114.08
510.448,6099.08
510.708,6135.08
510.968,6178.08
511.227,6143.08
511.487,6136.08
511.747,6155.08
512.006,6157.08
512.266,6091.08
512.525,6063.08
512.785,6058.08
513.045,6065.08
513.304,6048.08
513.564,6085.08
513.823,6078.08
514.083,6070.08
514.342,5970.08
514.602,5971.08
514.861,5953.08
515.121,5932.08
515.38,5906.08
515.64,5856.08
515.899,5821.08
516.159,5819.08
516.418,5766.08
516.678,5688.08
516.937,5594.08
517.197,5584.08
517.456,5577.08
517.716,5530.08
517.975,5482.08
518.234,5445.08
518.494,5383.08
518.753,5321.08
519.013,5215.08
519.272,5174.08
519.531,5135.08
519.791,5079.08
520.05,5024.08
520.309,4982.08
520.569,4955.08
520.828,4882.08
521.087,4786.08
521.347,4768.08
521.606,4650.08
521.865,4592.08
522.124,4613.08
522.384,4603.08
522.643,4537.08
522.902,4431.08
523.161,4408.08
523.421,4364.08
523.68,4291.08
523.939,4218.08
524.198,4183.08
524.457,4134.08
524.717,4062.08
524.976,4011.08
525.235,3940.08
525.494,3909.08
525.753,3866.08
526.012,3821.08
526.272,3812.08
526.531,3765.08
526.79,3692.08
527.049,3644.08
527.308,3613.08
527.567,3564.08
527.826,3473.08
528.085,3430.08
528.344,3419.08
528.603,3392.08
528.862,3342.08
529.121,3317.08
529.38,3302.08
529.639,3290.08
529.898,3247.08
530.157,3188.08
530.416,3157.08
530.675,3138.08
530.934,3085.08
531.193,3030.08
531.452,2987.08
531.711,2959.08
531.97,2896.08
532.229,2890.08
532.488,2845.08
532.747,2804.08
533.006,2794.08
533.264,2777.08
533.523,2744.08
533.782,2737.08
534.041,2702.08
534.3,2670.08
534.559,2635.08
534.818,2625.08
535.076,2584.08
535.335,2538.08
535.594,2478.08
535.853,2469.08
536.112,2450.08
536.37,2440.08
536.629,2391.08
536.888,2363.08
537.147,2345.08
537.405,2301.08
537.664,2282.08
537.923,2242.08
538.181,2191.08
538.44,2165.08
538.699,2167.08
538.957,2153.08
539.216,2104.08
539.475,2069.08
539.733,2060.08
539.992,2023.08
540.251,1977.08
540.509,1941.08
540.768,1945.08
541.027,1901.08
541.285,1849.08
541.544,1826.08
541.802,1796.08
542.061,1808.08
542.32,1775.08
542.578,1747.08
542.837,1733.08
543.095,1687.08
543.354,1653.08
543.612,1665.08
543.871,1625.08
544.129,1599.08
544.388,1566.08
544.646,1542.08
544.905,1552.08
545.163,1525.08
545.422,1505.08
545.68,1485.08
545.938,1440.08
546.197,1426.08
546.455,1399.08
546.714,1369.08
546.972,1369.08
547.23,1358.08
547.489,1313.08
547.747,1281.08
548.006,1266.08
548.264,1250.08
548.522,1234.08
548.781,1217.08
549.039,1203.08
549.297,1185.08
549.556,1159.08
549.814,1139.08
550.072,1135.08
550.33,1110.08
550.589,1096.08
550.847,1068.08
551.105,1062.08
551.364,1070.08
551.622,1021.08
551.88,1011.08
552.138,1016.08
552.396,989.08
552.655,955.08
552.913,964.08
553.171,928.08
553.429,928.08
553.687,903.08
553.946,882.08
554.204,870.08
554.462,873.08
554.72,846.08
554.978,839.08
555.236,833.08
555.494,815.08
555.752,806.08
556.01,789.08
556.269,778.08
556.527,770.08
556.785,757.08
557.043,752.08
557.301,731.08
557.559,736.08
557.817,699.08
558.075,672.08
558.333,681.08
558.591,675.08
558.849,656.08
559.107,652.08
559.365,665.08
559.623,674.08
559.881,641.08
560.139,626.08
560.397,611.08
560.654,608.08
560.912,594.08
561.17,585.08
561.428,579.08
561.686,566.08
561.944,556.08
562.202,568.08
562.46,561.08
562.718,559.08
562.975,536.08
563.233,514.08
563.491,513.08
563.749,499.08
564.007,503.08
564.264,491.08
564.522,497.08
564.78,485.08
565.038,488.08
565.296,467.08
565.553,462.08
565.811,448.08
566.069,450.08
566.326,443.08
566.584,447.08
566.842,447.08
567.1,437.08
567.357,425.08
567.615,423.08
567.873,426.08
568.13,413.08
568.388,404.08
568.646,403.08
568.903,408.08
569.161,396.08
569.419,397.08
569.676,401.08
569.934,385.08
570.191,384.08
570.449,387.08
570.706,358.08
570.964,349.08
571.222,357.08
571.479,357.08
571.737,357.08
571.994,351.08
572.252,346.08
572.509,347.08
572.767,333.08
573.024,347.08
573.282,335.08
573.539,336.08
573.797,326.08
574.054,322.08
574.312,342.08
574.569,345.08
574.826,338.08
575.084,338.08
575.341,332.08
575.599,318.08
575.856,319.08
576.113,321.08
576.371,316.08
576.628,306.08
576.886,303.08
577.143,303.08
577.4,313.08
577.658,295.08
577.915,292.08
578.172,298.08
578.43,294.08
578.687,282.08
578.944,283.08
579.201,297.08
579.459,285.08
579.716,286.08
579.973,291.08
580.23,278.08
580.488,269.08
580.745,281.08
581.002,298.08
581.259,281.08
581.516,286.08
581.774,280.08
582.031,283.08
582.288,279.08
582.545,289.08
582.802,294.08
583.059,282.08
583.317,290.08
583.574,284.08
583.831,282.08
584.088,276.08
584.345,267.08
584.602,263.08
584.859,262.08
585.116,272.08
585.373,261.08
585.63,282.08
585.888,288.08
586.145,275.08
586.402,278.08
586.659,279.08
586.916,276.08
587.173,284.08
587.43,277.08
587.687,265.08
587.944,270.08
588.201,266.08
588.457,277.08
588.714,276.08
588.971,285.08
589.228,288.08
589.485,284.08
589.742,272.08
589.999,274.08
590.256,285.08
590.513,288.08
590.77,287.08
591.027,284.08
591.283,288.08
591.54,277.08
591.797,278.08
592.054,300.08
592.311,285.08
592.568,293.08
592.824,287.08
593.081,298.08
593.338,300.08
593.595,284.08
593.852,296.08
594.108,291.08
594.365,302.08
594.622,314.08
594.879,309.08
595.135,313.08
595.392,316.08
595.649,333.08
595.905,312.08
596.162,314.08
596.419,328.08
596.675,339.08
596.932,334.08
597.189,321.08
597.445,344.08
597.702,331.08
597.959,331.08
598.215,342.08
598.472,345.08
598.729,343.08
598.985,347.08
599.242,354.08
599.498,354.08
599.755,373.08
600.011,381.08
600.268,376.08
600.524,388.08
600.781,383.08
601.038,390.08
601.294,406.08
601.551,404.08
601.807,425.08
602.064,419.08
602.32,423.08
602.576,439.08
602.833,436.08
603.089,427.08
603.346,442.08
603.602,440.08
603.859,449.08
604.115,458.08
604.372,469.08
604.628,475.08
604.884,488.08
605.141,491.08
605.397,497.08
605.653,536.08
605.91,537.08
606.166,544.08
606.422,559.08
606.679,559.08
606.935,561.08
607.191,576.08
607.448,589.08
607.704,591.08
607.96,578.08
608.217,612.08
608.473,629.08
608.729,638.08
608.985,649.08
609.242,669.08
609.498,695.08
609.754,697.08
610.01,715.08
610.266,742.08
610.523,760.08
610.779,761.08
611.035,760.08
611.291,764.08
611.547,780.08
611.803,817.08
612.06,836.08
612.316,819.08
612.572,848.08
612.828,875.08
613.084,910.08
613.34,924.08
613.596,922.08
613.852,936.08
614.108,965.08
614.364,995.08
614.621,1025.08
614.877,1036.08
615.133,1065.08
615.389,1094.08
615.645,1117.08
615.901,1121.08
616.157,1142.08
616.413,1153.08
616.669,1171.08
616.925,1186.08
617.181,1226.08
617.437,1228.08
617.692,1285.08
617.948,1302.08
618.204,1314.08
618.46,1331.08
618.716,1344.08
618.972,1378.08
619.228,1400.08
619.484,1436.08
619.74,1461.08
619.996,1503.08
620.251,1494.08
620.507,1533.08
620.763,1581.08
621.019,1591.08
621.275,1628.08
621.531,1657.08
621.786,1659.08
622.042,1669.08
622.298,1709.08
622.554,1760.08
622.81,1763.08
623.065,1802.08
623.321,1830.08
623.577,1815.08
623.833,1859.08
624.088,1911.08
624.344,1917.08
624.6,1948.08
624.855,1959.08
625.111,1978.08
625.367,1990.08
625.622,2012.08
625.878,2033.08
626.134,2077.08
626.389,2114.08
626.645,2134.08
626.901,2157.08
627.156,2137.08
627.412,2151.08
627.668,2184.08
627.923,2207.08
628.179,2221.08
628.434,2261.08
628.69,2278.08
628.945,2289.08
629.201,2276.08
629.457,2283.08
629.712,2306.08
629.968,2327.08
630.223,2329.08
630.479,2314.08
630.734,2306.08
630.99,2326.08
631.245,2289.08
631.501,2287.08
631.756,2306.08
632.011,2268.08
632.267,2246.08
632.522,2258.08
632.778,2260.08
633.033,2245.08
633.289,2216.08
633.544,2203.08
633.799,2198.08
634.055,2147.08
634.31,2137.08
634.566,2134.08
634.821,2111.08
635.076,2075.08
635.332,2038.08
635.587,2004.08
635.842,1973.08
636.098,1946.08
636.353,1927.08
636.608,1901.08
636.863,1883.08
637.119,1830.08
637.374,1801.08
637.629,1755.08
637.885,1727.08
638.14,1710.08
638.395,1652.08
638.65,1643.08
638.905,1595.08
639.161,1542.08
639.416,1523.08
639.671,1468.08
639.926,1423.08
640.181,1413.08
640.437,1384.08
640.692,1344.08
640.947,1310.08
641.202,1253.08
641.457,1224.08
641.712,1194.08
641.967,1168.08
642.222,1143.08
642.478,1127.08
642.733,1108.08
642.988,1059.08
643.243,1047.08
643.498,1029.08
643.753,983.08
644.008,970.08
644.263,926.08
644.518,903.08
644.773,880.08
645.028,848.08
645.283,834.08
645.538,814.08
645.793,793.08
646.048,781.08
646.303,741.08
646.558,742.08
646.813,715.08
647.068,695.08
647.323,672.08
647.578,632.08
647.833,627.08
648.087,613.08
648.342,595.08
648.597,580.08
648.852,585.08
649.107,554.08
649.362,561.08
649.617,540.08
649.872,521.08
650.126,509.08
650.381,494.08
650.636,489.08
650.891,459.08
651.146,449.08
651.4,435.08
651.655,421.08
651.91,412.08
652.165,419.08
652.419,399.08
652.674,398.08
652.929,398.08
653.184,381.08
653.438,370.08
653.693,354.08
653.948,344.08
654.202,325.08
654.457,323.08
654.712,315.08
654.967,318.08
655.221,315.08
655.476,313.08
655.73,304.08
655.985,296.08
656.24,296.08
656.494,302.08
656.749,282.08
657.004,285.08
657.258,273.08
657.513,258.08
657.767,251.08
658.022,266.08
658.276,251.08
658.531,257.08
658.785,250.08
659.04,242.08
659.295,243.08
659.549,234.08
659.804,234.08
660.058,231.08
660.312,232.08
660.567,225.08
660.821,222.08
661.076,222.08
661.33,218.08
661.585,226.08
661.839,211.08
662.094,213.08
662.348,201.08
662.602,201.08
662.857,204.08
663.111,209.08
663.366,198.08
663.62,200.08
663.874,199.08
664.129,194.08
664.383,203.08
664.637,193.08
664.892,208.08
665.146,206.08
665.4,204.08
665.655,189.08
665.909,193.08
666.163,190.08
666.417,189.08
666.672,183.08
666.926,183.08
667.18,183.08
667.435,184.08
667.689,184.08
667.943,185.08
668.197,195.08
668.451,190.08
668.706,187.08
668.96,182.08
669.214,179.08
669.468,189.08
669.722,185.08
669.976,181.08
670.231,176.08
670.485,178.08
670.739,170.08
670.993,173.08
671.247,185.08
671.501,173.08
671.755,188.08
672.009,175.08
672.263,182.08
672.517,175.08
672.772,174.08
673.026,177.08
673.28,173.08
673.534,177.08
673.788,174.08
674.042,162.08
674.296,169.08
674.55,174.08
674.804,175.08
675.058,173.08
675.312,178.08
675.566,171.08
675.82,182.08
676.074,165.08
676.327,161.08
676.581,171.08
676.835,175.08
677.089,174.08
677.343,167.08
677.597,167.08
677.851,172.08
678.105,176.08
678.359,179.08
678.612,169.08
678.866,159.08
679.12,174.08
679.374,170.08
679.628,167.08
679.882,176.08
680.135,175.08
680.389,169.08
680.643,178.08
680.897,173.08
681.151,174.08
681.404,176.08
681.658,168.08
681.912,175.08
682.166,171.08
682.419,176.08
682.673,167.08
682.927,170.08
683.18,181.08
683.434,176.08
683.688,158.08
683.942,163.08
684.195,153.08
684.449,167.08
684.703,171.08
684.956,171.08
685.21,163.08
685.463,178.08
685.717,175.08
685.971,171.08
686.224,176.08
686.478,173.08
686.731,172.08
686.985,169.08
687.239,173.08
687.492,177.08
687.746,171.08
687.999,171.08
688.253,169.08
688.506,181.08
688.76,170.08
689.013,170.08
689.267,180.08
689.52,173.08
689.774,171.08
690.027,176.08
690.281,167.08
690.534,170.08
690.788,178.08
691.041,175.08
691.294,166.08
691.548,166.08
691.801,164.08
692.055,166.08
692.308,162.08
692.561,168.08
692.815,155.08
693.068,175.08
693.322,164.08
693.575,171.08
693.828,173.08
694.082,169.08
694.335,162.08
694.588,166.08
694.841,175.08
695.095,175.08
695.348,164.08
695.601,167.08
695.855,164.08
696.108,151.08
696.361,176.08
696.614,165.08
696.868,168.08
697.121,175.08
697.374,173.08
697.627,156.08
697.88,167.08
698.134,181.08
698.387,174.08
698.64,172.08
698.893,169.08
699.146,167.08
699.4,158.08
699.653,167.08
699.906,163.08
700.159,157.08
700.412,173.08
700.665,170.08
700.918,173.08
701.171,176.08
701.424,171.08
701.677,159.08
701.931,156.08
702.184,169.08
702.437,172.08
702.69,167.08
702.943,163.08
703.196,169.08
703.449,166.08
703.702,163.08
703.955,162.08
704.208,164.08
704.461,159.08
704.714,165.08
704.967,163.08
705.22,155.08
705.473,168.08
705.726,159.08
705.978,171.08
706.231,168.08
706.484,160.08
706.737,165.08
706.99,165.08
707.243,171.08
707.496,167.08
707.749,161.08
708.002,170.08
708.254,166.08
708.507,166.08
708.76,160.08
709.013,179.08
709.266,174.08
709.519,165.08
709.771,163.08
710.024,169.08
710.277,180.08
710.53,167.08
710.782,169.08
711.035,176.08
711.288,175.08
711.541,166.08
711.793,178.08
712.046,166.08
712.299,168.08
712.552,165.08
712.804,163.08
713.057,174.08
713.31,172.08
713.562,166.08
713.815,168.08
714.068,159.08
714.32,161.08
714.573,174.08
714.826,170.08
715.078,176.08
715.331,174.08
715.583,169.08
715.836,173.08
716.089,167.08
716.341,171.08
716.594,172.08
716.846,166.08
717.099,173.08
717.351,172.08
717.604,163.08
717.856,167.08
718.109,175.08
718.361,173.08
718.614,168.08
718.866,176.08
719.119,177.08
719.371,174.08
719.624,173.08
719.876,165.08
720.129,167.08
720.381,171.08
720.634,170.08
720.886,167.08
721.138,165.08
721.391,162.08
721.643,185.08
721.896,163.08
722.148,158.08
722.4,172.08
722.653,159.08
722.905,172.08
723.157,175.08
723.41,169.08
723.662,165.08
723.914,159.08
724.167,166.08
724.419,164.08
724.671,161.08
724.924,163.08
725.176,156.08
725.428,161.08
725.68,161.08
725.933,162.08
726.185,177.08
726.437,184.08
726.689,179.08
726.942,176.08
727.194,167.08
727.446,170.08
727.698,177.08
727.95,170.08
728.203,167.08
728.455,181.08
728.707,181.08
728.959,173.08
729.211,159.08
729.463,171.08
729.715,172.08
729.968,164.08
730.22,178.08
730.472,170.08
730.724,174.08
730.976,160.08
731.228,162.08
731.48,171.08
731.732,176.08
731.984,177.08
732.236,168.08
732.488,169.08
732.74,177.08
732.992,166.08
733.244,161.08
733.496,166.08
733.748,165.08
734,167.08
734.252,175.08
734.504,172.08
734.756,171.08
735.008,170.08
735.26,160.08
735.512,161.08
735.764,174.08
736.016,171.08
736.268,172.08
736.52,172.08
736.772,163.08
737.023,154.08
737.275,166.08
737.527,169.08
737.779,176.08
738.031,177.08
738.283,176.08
738.534,168.08
738.786,169.08
739.038,176.08
739.29,175.08
739.542,172.08
739.793,169.08
740.045,161.08
740.297,174.08
740.549,173.08
740.801,159.08
741.052,171.08
741.304,179.08
741.556,173.08
741.807,177.08
742.059,173.08
742.311,166.08
742.563,166.08
742.814,162.08
743.066,160.08
743.318,167.08
743.569,169.08
743.821,169.08
744.073,166.08
744.324,163.08
744.576,156.08
744.827,165.08
745.079,160.08
745.331,163.08
745.582,165.08
745.834,177.08
746.085,178.08
746.337,176.08
746.588,173.08
746.84,172.08
747.092,175.08
747.343,172.08
747.595,169.08
747.846,169.08
748.098,157.08
748.349,171.08
748.601,166.08
748.852,161.08
749.104,173.08
749.355,171.08
749.606,179.08
749.858,175.08
750.109,165.08
750.361,168.08
750.612,168.08
750.864,176.08
751.115,179.08
751.366,177.08
751.618,170.08
751.869,173.08
752.121,175.08
752.372,169.08
752.623,166.08
752.875,183.08
753.126,186.08
753.377,176.08
753.629,169.08
753.88,168.08
754.131,174.08
754.383,159.08
754.634,169.08
754.885,175.08
755.136,174.08
755.388,183.08
755.639,177.08
755.89,171.08
756.141,168.08
756.393,166.08
756.644,176.08
756.895,177.08
757.146,184.08
757.397,175.08
757.649,175.08
757.9,167.08
758.151,174.08
758.402,172.08
758.653,179.08
758.904,179.08
759.155,179.08
759.407,169.08
759.658,164.08
759.909,165.08
760.16,168.08
760.411,169.08
760.662,171.08
760.913,169.08
761.164,179.08
761.415,176.08
761.666,171.08
761.917,170.08
762.168,179.08
762.419,176.08
762.67,174.08
762.921,168.08
763.172,175.08
763.423,164.08
763.674,168.08
763.925,175.08
764.176,173.08
764.427,158.08
764.678,162.08
764.929,168.08
765.18,179.08
765.431,177.08
765.682,169.08
765.933,175.08
766.184,179.08
766.435,168.08
766.686,165.08
766.936,173.08
767.187,168.08
767.438,166.08
767.689,166.08
767.94,164.08
768.191,169.08
768.442,185.08
768.692,166.08
768.943,172.08
769.194,168.08
769.445,172.08
769.695,163.08
769.946,171.08
770.197,170.08
770.448,175.08
770.699,175.08
770.949,167.08
771.2,174.08
771.451,170.08
771.701,166.08
771.952,169.08
772.203,169.08
772.454,175.08
772.704,177.08
772.955,175.08
773.206,170.08
773.456,181.08
773.707,169.08
773.957,179.08
774.208,180.08
774.459,172.08
774.709,165.08
774.96,177.08
775.211,177.08
775.461,172.08
775.712,173.08
775.962,164.08
776.213,170.08
776.463,175.08
776.714,163.08
776.964,173.08
777.215,169.08
777.466,172.08
777.716,167.08
777.967,170.08
778.217,170.08
778.468,181.08
778.718,168.08
778.968,165.08
779.219,161.08
779.469,173.08
779.72,160.08
779.97,163.08
780.221,166.08
780.471,172.08
780.722,163.08
780.972,160.08
781.222,162.08
781.473,169.08
781.723,181.08
781.973,163.08
782.224,168.08
782.474,166.08
782.725,176.08
782.975,167.08
783.225,157.08
783.475,170.08
783.726,167.08
783.976,157.08
784.226,157.08
784.477,161.08
784.727,170.08
784.977,167.08
785.227,177.08
785.478,181.08
785.728,165.08
785.978,163.08
786.228,172.08
786.479,167.08
786.729,155.08
786.979,146.08
787.229,163.08
787.479,169.08
787.73,176.08
787.98,168.08
788.23,173.08
788.48,176.08
788.73,163.08
788.98,165.08
789.231,169.08
789.481,159.08
789.731,160.08
789.981,161.08
790.231,160.08
790.481,162.08
790.731,167.08
790.981,174.08
791.231,169.08
791.481,178.08
791.731,177.08
791.981,175.08
792.231,165.08
792.481,165.08
792.731,167.08
792.981,161.08
793.231,150.08
793.481,167.08
793.731,170.08
793.981,163.08
794.231,169.08
794.481,179.08
794.731,168.08
794.981,161.08
795.231,175.08
795.481,176.08
795.731,172.08
795.981,162.08
796.231,171.08
796.481,171.08
796.73,167.08
796.98,170.08
797.23,172.08
797.48,157.08
797.73,165.08
797.98,167.08
798.23,174.08
798.479,171.08
798.729,154.08
798.979,164.08
799.229,165.08
799.479,173.08
799.728,178.08
799.978,163.08
800.228,172.08
800.478,171.08
800.727,163.08
800.977,165.08
801.227,169.08
801.477,158.08
801.726,160.08
801.976,170.08
802.226,170.08
802.475,173.08
802.725,158.08
802.975,158.08
803.224,165.08
803.474,163.08
803.724,155.08
803.973,160.08
804.223,168.08
804.473,169.08
804.722,152.08
804.972,155.08
805.221,163.08
805.471,172.08
805.72,167.08
805.97,155.08
806.22,156.08
806.469,166.08
806.719,173.08
806.968,169.08
807.218,165.08
807.467,164.08
807.717,169.08
807.966,165.08
808.216,162.08
808.465,179.08
808.715,171.08
808.964,167.08
809.214,163.08
809.463,165.08
809.713,164.08
809.962,166.08
810.211,169.08
810.461,177.08
810.71,178.08
810.96,162.08
811.209,159.08
811.458,160.08
811.708,158.08
811.957,166.08
812.207,170.08
812.456,160.08
812.705,162.08
812.955,167.08
813.204,169.08
813.453,171.08
813.703,159.08
813.952,165.08
814.201,171.08
814.45,167.08
814.7,165.08
814.949,154.08
815.198,165.08
815.448,173.08
815.697,169.08
815.946,168.08
816.195,164.08
816.444,167.08
816.694,169.08
816.943,161.08
817.192,164.08
817.441,169.08
817.69,165.08
817.94,173.08
818.189,151.08
818.438,153.08
818.687,166.08
818.936,168.08
819.185,162.08
819.434,171.08
819.684,161.08
819.933,160.08
820.182,159.08
820.431,174.08
820.68,165.08
820.929,170.08
821.178,176.08
821.427,165.08
821.676,164.08
821.925,171.08
822.174,158.08
822.423,178.08
822.672,164.08
822.921,161.08
823.17,158.08
823.419,164.08
823.668,161.08
823.917,161.08
824.166,160.08
824.415,162.08
824.664,160.08
824.913,159.08
825.162,166.08
825.411,173.08
825.66,176.08
825.909,170.08
826.158,162.08
826.407,168.08
826.655,168.08
826.904,177.08
827.153,163.08
827.402,170.08
827.651,174.08
827.9,174.08
828.149,161.08
828.397,163.08
828.646,176.08
828.895,169.08
829.144,158.08
829.393,168.08
829.641,156.08
829.89,159.08
830.139,163.08
830.388,152.08
830.636,162.08
830.885,165.08
831.134,171.08
831.383,162.08
831.631,160.08
831.88,159.08
832.129,172.08
832.377,171.08
832.626,160.08
832.875,160.08
833.124,170.08
833.372,156.08
833.621,157.08
833.869,157.08
834.118,172.08
834.367,175.08
834.615,172.08
834.864,167.08
835.113,155.08
835.361,161.08
835.61,158.08
835.858,158.08
836.107,162.08
836.355,165.08
836.604,154.08
836.853,163.08
837.101,161.08
837.35,165.08
837.598,165.08
837.847,168.08
838.095,168.08
838.344,176.08
838.592,167.08
838.841,165.08
839.089,161.08
839.338,175.08
839.586,174.08
839.834,171.08
840.083,173.08
840.331,177.08
840.58,163.08
840.828,172.08
841.077,179.08
841.325,168.08
841.573,172.08
841.822,163.08
842.07,161.08
842.318,173.08
842.567,171.08
842.815,173.08
843.064,166.08
843.312,148.08
843.56,162.08
843.809,157.08
844.057,162.08
844.305,165.08
844.553,163.08
844.802,162.08
845.05,158.08
845.298,160.08
845.546,155.08
845.795,165.08
846.043,166.08
846.291,161.08
846.539,171.08
846.788,153.08
847.036,154.08
847.284,165.08
847.532,161.08
847.78,165.08
848.029,156.08
848.277,168.08
848.525,156.08
848.773,161.08
849.021,180.08
849.269,169.08
849.518,167.08
849.766,172.08
850.014,161.08
850.262,175.08
850.51,159.08
850.758,154.08
851.006,152.08
851.254,167.08
851.502,173.08
851.75,174.08
851.998,175.08
852.246,159.08
852.494,169.08
852.742,173.08
852.99,172.08
853.238,169.08
853.486,165.08
853.734,176.08
853.982,168.08
854.23,167.08
854.478,163.08
854.726,167.08
854.974,169.08
855.222,165.08
855.47,161.08
855.718,158.08
855.966,154.08
856.214,167.08
856.462,157.08
856.71,161.08
856.958,173.08
857.205,173.08
857.453,161.08
857.701,159.08
857.949,167.08
858.197,172.08
858.445,161.08
858.692,161.08
858.94,165.08
859.188,172.08
859.436,165.08
859.684,171.08
859.932,177.08
860.179,168.08
860.427,167.08
860.675,150.08
860.923,166.08
861.17,168.08
861.418,170.08
861.666,155.08
861.913,148.08
862.161,155.08
862.409,165.08
862.657,162.08
862.904,171.08
863.152,171.08
863.4,177.08
863.647,153.08
863.895,161.08
864.143,164.08
864.39,167.08
864.638,166.08
864.885,174.08
865.133,158.08
865.381,163.08
865.628,160.08
865.876,173.08
866.123,165.08
866.371,173.08
866.619,166.08
866.866,172.08
867.114,175.08
867.361,160.08
867.609,166.08
867.856,169.08
868.104,153.08
868.351,163.08
868.599,162.08
868.846,161.08
869.094,159.08
869.341,175.08
869.589,172.08
869.836,165.08
870.084,157.08
870.331,161.08
870.579,162.08
870.826,169.08
871.073,165.08
871.321,167.08
871.568,162.08
871.816,171.08
872.063,185.08
872.31,171.08
872.558,176.08
872.805,174.08
873.052,169.08
873.3,171.08
873.547,181.08
873.794,168.08
874.042,181.08
874.289,171.08
874.536,156.08
874.784,168.08
875.031,165.08
875.278,172.08
875.526,175.08
875.773,159.08
876.02,163.08
876.267,158.08
876.515,165.08
876.762,160.08
877.009,153.08
877.256,160.08
877.503,158.08
877.751,180.08
877.998,173.08
878.245,168.08
878.492,172.08
878.739,169.08
878.987,184.08
879.234,167.08
879.481,164.08
879.728,169.08
879.975,170.08
880.222,163.08
880.469,160.08
880.716,159.08
880.964,177.08
881.211,169.08
881.458,171.08
881.705,169.08
881.952,172.08
882.199,169.08
882.446,170.08
882.693,167.08
882.94,165.08
883.187,177.08
883.434,171.08
883.681,168.08
883.928,166.08
884.175,161.08
884.422,161.08
884.669,163.08
884.916,165.08
885.163,181.08
885.41,174.08
885.657,165.08
885.904,167.08
886.151,169.08
886.398,179.08
886.644,179.08
886.891,167.08
887.138,168.08
887.385,159.08
887.632,168.08
887.879,171.08
888.126,168.08
888.373,161.08
888.619,162.08
888.866,169.08
889.113,174.08
889.36,172.08
889.607,175.08
889.854,158.08
890.1,168.08
890.347,162.08
890.594,170.08
890.841,160.08
891.087,167.08
891.334,152.08
891.581,156.08
891.828,171.08
892.074,157.08
892.321,149.08
892.568,172.08
892.815,178.08
893.061,171.08
893.308,165.08
893.555,173.08
893.801,171.08
894.048,173.08
894.295,166.08
894.541,166.08
894.788,170.08
895.035,174.08
895.281,165.08
895.528,159.08
895.774,166.08
896.021,175.08
896.268,166.08
896.514,174.08
896.761,177.08
897.007,163.08
897.254,168.08
897.501,184.08
897.747,177.08
897.994,172.08
898.24,165.08
898.487,160.08
898.733,170.08
898.98,184.08
899.226,167.08
899.473,171.08
899.719,169.08
899.966,170.08
900.212,176.08
900.459,179.08
900.705,176.08
900.951,162.08
901.198,159.08
901.444,162.08
901.691,169.08
901.937,163.08
902.184,161.08
902.43,165.08
902.676,181.08
902.923,159.08
903.169,166.08
903.415,170.08
903.662,165.08
903.908,178.08
904.154,183.08
904.401,167.08
904.647,175.08
904.893,165.08
905.14,158.08
905.386,165.08
905.632,174.08
905.879,164.08
906.125,153.08
906.371,167.08
906.617,178.08
906.864,179.08
907.11,172.08
907.356,177.08
907.602,172.08
907.849,175.08
908.095,162.08
908.341,162.08
908.587,159.08
908.833,173.08
909.08,168.08
909.326,163.08
909.572,159.08
909.818,168.08
910.064,166.08
910.31,181.08
910.556,165.08
910.803,171.08
911.049,165.08
911.295,161.08
911.541,158.08
911.787,157.08
912.033,164.08
912.279,172.08
912.525,170.08
912.771,165.08
913.017,156.08
913.263,161.08
913.509,163.08
913.755,160.08
914.001,165.08
914.247,174.08
914.493,163.08
914.739,168.08
914.985,171.08
915.231,172.08
915.477,170.08
915.723,171.08
915.969,169.08
916.215,166.08
916.461,163.08
916.707,163.08
916.953,162.08
917.199,167.08
917.445,170.08
917.691,168.08
917.937,159.08
918.183,157.08
918.428,154.08
918.674,161.08
918.92,170.08
919.166,155.08
919.412,161.08
919.658,159.08
919.903,166.08
920.149,171.08
920.395,154.08
920.641,168.08
920.887,162.08
921.132,178.08
921.378,163.08
921.624,167.08
921.87,190.08
922.116,174.08
922.361,169.08
922.607,167.08
922.853,163.08
923.098,177.08
923.344,165.08
923.59,166.08
923.836,172.08
924.081,169.08
924.327,173.08
924.573,172.08
924.818,165.08
925.064,163.08
925.31,176.08
925.555,167.08
925.801,165.08
926.047,160.08
926.292,174.08
926.538,177.08
926.783,183.08
927.029,162.08
927.275,157.08
927.52,166.08
927.766,169.08
928.011,179.08
928.257,171.08
928.502,160.08
928.748,163.08
928.993,163.08
929.239,182.08
929.484,171.08
929.73,166.08
929.975,178.08
930.221,173.08
930.466,182.08
930.712,169.08
930.957,170.08
931.203,168.08
931.448,180.08
931.694,181.08
931.939,176.08
932.185,172.08
932.43,177.08
932.675,172.08
932.921,175.08
933.166,167.08
933.412,159.08
933.657,165.08
933.902,166.08
934.148,177.08
934.393,165.08
934.638,182.08
934.884,172.08
935.129,172.08
935.374,173.08
935.62,172.08
935.865,159.08
936.11,174.08
936.356,165.08
936.601,169.08
936.846,178.08
937.092,174.08
937.337,168.08
937.582,164.08
937.827,163.08
938.073,162.08
938.318,172.08
938.563,169.08
938.808,171.08
939.053,155.08
939.299,158.08
939.544,170.08
939.789,170.08
940.034,161.08
940.279,169.08
940.524,163.08
940.77,165.08
941.015,156.08
941.26,155.08
941.505,169.08
941.75,173.08
941.995,171.08
942.24,161.08
942.485,167.08
942.731,173.08
942.976,163.08
943.221,165.08
943.466,171.08
943.711,173.08
943.956,171.08
944.201,161.08
944.446,167.08
944.691,173.08
944.936,173.08
945.181,169.08
945.426,166.08
945.671,163.08
945.916,170.08
946.161,170.08
946.406,176.08
946.651,183.08
946.896,173.08
947.141,168.08
947.386,166.08
947.631,165.08
947.876,165.08
948.12,178.08
948.365,169.08
948.61,169.08
948.855,163.08
949.1,143.08
949.345,156.08
949.59,165.08
949.835,162.08
950.08,164.08
950.324,169.08
950.569,168.08
950.814,160.08
951.059,161.08
951.304,159.08
951.548,160.08
951.793,157.08
952.038,159.08
952.283,165.08
952.528,167.08
952.772,172.08
953.017,170.08
953.262,164.08
953.507,170.08
953.751,183.08
953.996,173.08
954.241,169.08
954.485,157.08
954.73,162.08
954.975,159.08
955.22,165.08
955.464,173.08
955.709,161.08
955.954,162.08
956.198,172.08
956.443,159.08
956.687,165.08
956.932,164.08
957.177,173.08
957.421,175.08
957.666,163.08
957.911,167.08
958.155,160.08
958.4,168.08
958.644,163.08
958.889,172.08
959.133,176.08
959.378,171.08
959.623,165.08
959.867,165.08
960.112,173.08
960.356,175.08
960.601,174.08
960.845,159.08
961.09,173.08
961.334,161.08
961.579,173.08
961.823,185.08
962.068,177.08
962.312,171.08
962.556,164.08
962.801,161.08
963.045,170.08
963.29,169.08
963.534,169.08
963.779,163.08
964.023,162.08
964.267,163.08
964.512,167.08
964.756,161.08
965.001,165.08
965.245,173.08
965.489,170.08
965.734,156.08
965.978,163.08
966.222,185.08
966.467,174.08
966.711,165.08
966.955,152.08
967.199,166.08
967.444,165.08
967.688,167.08
967.932,176.08
968.177,171.08
968.421,166.08
968.665,174.08
968.909,162.08
969.154,162.08
969.398,160.08
969.642,169.08
969.886,167.08
970.13,165.08
970.375,159.08
970.619,174.08
970.863,175.08
971.107,174.08
971.351,171.08
971.596,162.08
971.84,158.08
972.084,155.08
972.328,162.08
972.572,176.08
972.816,168.08
973.06,165.08
973.304,161.08
973.549,174.08
973.793,176.08
974.037,165.08
974.281,165.08
974.525,161.08
974.769,171.08
975.013,177.08
975.257,161.08
975.501,162.08
975.745,173.08
975.989,163.08
976.233,168.08
976.477,175.08
976.721,171.08
976.965,166.08
977.209,155.08
977.453,169.08
977.697,167.08
977.941,165.08
978.185,168.08
978.429,170.08
978.673,166.08
978.917,174.08
979.161,176.08
979.405,172.08
979.648,170.08
979.892,165.08
980.136,160.08
980.38,159.08
980.624,161.08
980.868,164.08
981.112,167.08
981.356,159.08
981.599,171.08
981.843,175.08
982.087,153.08
982.331,163.08
982.575,176.08
982.818,175.08
983.062,175.08
983.306,163.08
983.55,160.08
983.794,157.08
984.037,165.08
984.281,172.08
984.525,163.08
984.769,161.08
985.012,167.08
985.256,164.08
985.5,169.08
985.743,162.08
985.987,161.08
986.231,172.08
986.474,179.08
986.718,169.08
986.962,163.08
987.206,166.08
987.449,165.08
987.693,163.08
987.936,165.08
988.18,159.08
988.424,158.08
988.667,167.08
988.911,169.08
989.154,168.08
989.398,163.08
989.642,153.08
989.885,169.08
990.129,166.08
990.372,151.08
990.616,159.08
990.859,165.08
991.103,162.08
991.347,155.08
991.59,166.08
991.834,171.08
992.077,165.08
992.321,167.08
992.564,160.08
992.808,165.08
993.051,164.08
993.294,162.08
993.538,167.08
993.781,172.08
994.025,165.08
994.268,169.08
994.512,157.08
994.755,156.08
994.999,159.08
995.242,160.08
995.485,160.08
995.729,156.08
995.972,166.08
996.215,169.08
996.459,163.08
996.702,154.08
996.946,166.08
997.189,167.08
997.432,174.08
997.676,161.08
997.919,171.08
998.162,176.08
998.405,161.08
998.649,156.08
998.892,155.08
999.135,149.08
999.379,158.08
999.622,160.08
999.865,170.08
1000.108,174.08
1000.352,167.08
1000.595,167.08
1000.838,163.08
1001.081,165.08
1001.324,155.08
1001.568,159.08
1001.811,170.08
1002.054,167.08
1002.297,156.08
1002.54,162.08
1002.784,177.08
1003.027,183.08
1003.27,169.08
1003.513,167.08
1003.756,166.08
1003.999,163.08
1004.242,176.08
1004.486,175.08
1004.729,177.08
1004.972,172.08
1005.215,167.08
1005.458,167.08
1005.701,154.08
1005.944,148.08
1006.187,157.08
1006.43,172.08
1006.673,157.08
1006.916,164.08
1007.159,173.08
1007.402,159.08
1007.645,162.08
1007.888,162.08
1008.131,167.08
1008.374,153.08
1008.617,164.08
1008.86,169.08
1009.103,171.08
1009.346,172.08
1009.589,166.08
1009.832,161.08
1010.075,161.08
1010.318,169.08
1010.561,166.08
1010.804,170.08
1011.047,166.08
1011.289,173.08
1011.532,167.08
1011.775,173.08
1012.018,171.08
1012.261,168.08
1012.504,171.08
1012.747,160.08
1012.989,160.08
1013.232,171.08
1013.475,173.08
1013.718,157.08
1013.961,160.08
1014.204,163.08
1014.446,166.08
1014.689,170.08
1014.932,170.08
1015.175,166.08
1015.417,165.08
1015.66,162.08
1015.903,170.08
1016.146,163.08
1016.388,168.08
1016.631,170.08
1016.874,170.08
1017.117,159.08
1017.359,157.08
1017.602,159.08
1017.845,166.08
1018.087,179.08
1018.33,165.08
1018.573,160.08
1018.815,157.08
1019.058,162.08
1019.301,162.08
1019.543,156.08
1019.786,163.08
1020.028,166.08
1020.271,174.08
1020.514,169.08
1020.756,162.08
1020.999,165.08
1021.241,170.08
1021.484,172.08
1021.727,155.08
1021.969,158.08
1022.212,151.08
1022.454,151.08
1022.697,165.08
1022.939,156.08
1023.182,162.08
1023.424,148.08
1023.667,161.08
1023.909,161.08
1024.152,160.08
1024.394,167.08
1024.637,163.08
1024.879,167.08
1025.122,177.08
1025.364,174.08
1025.606,173.08
1025.849,158.08
1026.091,160.08
1026.334,157.08
1026.576,152.08
1026.819,168.08
1027.061,160.08
1027.303,158.08
1027.546,167.08
1027.788,166.08
1028.03,161.08
1028.273,165.08
1028.515,174.08
1028.757,156.08
1029,153.08
1029.242,168.08
1029.484,170.08
1029.727,175.08
1029.969,161.08
1030.211,165.08
1030.454,165.08
1030.696,150.08
1030.938,167.08
1031.18,161.08
1031.423,155.08
1031.665,165.08
1031.907,165.08
1032.149,163.08
1032.392,171.08
1032.634,171.08
1032.876,163.08
1033.118,167.08
1033.36,163.08
1033.603,158.08
1033.845,157.08
1034.087,146.08
1034.329,184.08
1034.571,175.08
1034.813,171.08
1035.056,159.08
1035.298,168.08
1035.54,171.08
1035.782,166.08
1036.024,153.08
1036.266,164.08
1036.508,171.08
1036.75,164.08
1036.992,169.08
1037.235,178.08
1037.477,165.08
1037.719,162.08
1037.961,168.08
1038.203,172.08
1038.445,168.08
1038.687,163.08
1038.929,160.08
1039.171,175.08
1039.413,165.08
1039.655,153.08
1039.897,161.08
1040.139,162.08
1040.381,165.08
1040.623,175.08
1040.865,176.08
1041.107,170.08
1041.349,172.08
1041.591,173.08
1041.832,159.08
1042.074,156.08
1042.316,158.08
1042.558,160.08
1042.8,156.08
1043.042,161.08
1043.284,167.08
1043.526,157.08
1043.768,159.08
1044.009,150.08
1044.251,159.08
1044.493,165.08
1044.735,154.08
1044.977,153.08
1045.219,153.08
1045.46,162.08
1045.702,168.08
1045.944,167.08
1046.186,172.08
1046.428,155.08
1046.669,154.08
1046.911,161.08
1047.153,155.08
1047.395,164.08
1047.636,165.08
1047.878,163.08
1048.12,166.08
1048.362,164.08
1048.603,163.08
1048.845,165.08
1049.087,165.08
1049.328,184.08
1049.57,171.08
1049.812,163.08
1050.053,165.08
1050.295,166.08
1050.537,154.08
1050.778,159.08
1051.02,163.08
1051.262,168.08
1051.503,160.08
1051.745,165.08
1051.987,162.08
1052.228,160.08
1052.47,156.08
1052.711,158.08
1052.953,162.08
1053.194,162.08
1053.436,170.08
1053.678,165.08
1053.919,173.08
1054.161,166.08
1054.402,165.08
1054.644,169.08
1054.885,172.08
1055.127,163.08
1055.368,163.08
1055.61,162.08
1055.851,165.08
1056.093,161.08
1056.334,159.08
1056.576,163.08
1056.817,163.08
1057.059,157.08
1057.3,165.08
1057.541,164.08
1057.783,159.08
1058.024,161.08
1058.266,170.08
1058.507,169.08
1058.748,164.08
1058.99,153.08
1059.231,163.08
1059.473,163.08
1059.714,166.08
1059.955,157.08
1060.197,171.08
1060.438,176.08
1060.679,165.08
1060.921,169.08
1061.162,161.08
1061.403,162.08
1061.645,177.08
1061.886,168.08
1062.127,159.08
1062.368,170.08
1062.61,167.08
1062.851,165.08
1063.092,170.08
1063.333,158.08
1063.575,165.08
1063.816,161.08
1064.057,164.08
1064.298,166.08
1064.54,175.08
1064.781,160.08
1065.022,168.08
1065.263,161.08
1065.504,160.08
1065.746,164.08
1065.987,174.08
1066.228,156.08
1066.469,167.08
1066.71,162.08
1066.951,161.08
1067.192,156.08
1067.434,162.08
1067.675,164.08
1067.916,170.08
1068.157,169.08
1068.398,160.08
1068.639,157.08
1068.88,162.08
1069.121,149.08
1069.362,155.08
1069.603,172.08
1069.844,157.08
1070.085,165.08
1070.326,168.08
1070.568,174.08
1070.809,182.08
1071.05,165.08
1071.291,172.08
1071.532,186.08
1071.773,174.08
1072.014,173.08
1072.254,181.08
1072.495,168.08
1072.736,162.08
1072.977,161.08
1073.218,167.08
1073.459,165.08
1073.7,165.08
1073.941,157.08
1074.182,168.08
1074.423,171.08
1074.664,161.08
1074.905,164.08
1075.146,171.08
1075.386,174.08
1075.627,166.08
1075.868,171.08
1076.109,163.08
1076.35,157.08
1076.591,165.08
1076.832,174.08
1077.072,166.08
1077.313,166.08
1077.554,162.08
1077.795,162.08
1078.036,159.08
1078.276,166.08
1078.517,153.08
1078.758,165.08
1078.999,163.08
1079.239,156.08
1079.48,163.08
1079.721,176.08
1079.962,174.08
1080.202,168.08
1080.443,171.08
1080.684,168.08
1080.924,176.08
1081.165,169.08
1081.406,168.08
1081.647,160.08
1081.887,163.08
1082.128,172.08
1082.369,172.08
1082.609,167.08
1082.85,162.08
1083.09,175.08
1083.331,175.08
1083.572,161.08
1083.812,169.08
1084.053,169.08
1084.293,166.08
1084.534,167.08
1084.775,178.08
1085.015,169.08
1085.256,170.08
1085.496,173.08
1085.737,167.08
1085.977,160.08
1086.218,167.08
1086.459,165.08
1086.699,168.08
1086.94,162.08
1087.18,167.08
1087.421,163.08
1087.661,166.08
1087.902,170.08
1088.142,179.08
1088.382,166.08
1088.623,167.08
1088.863,163.08
1089.104,171.08
1089.344,169.08
1089.585,164.08
1089.825,166.08
1090.066,166.08
1090.306,166.08
1090.546,177.08
1090.787,166.08
1091.027,165.08
1091.268,161.08
1091.508,163.08
1091.748,170.08
1091.989,153.08
1092.229,165.08
1092.469,161.08
1092.71,170.08
1092.95,168.08
1093.19,168.08
1093.431,165.08
1093.671,167.08
1093.911,173.08
1094.151,161.08
1094.392,170.08
1094.632,168.08
1094.872,156.08
1095.113,160.08
1095.353,161.08
1095.593,154.08
1095.833,153.08
1096.074,169.08
1096.314,165.08
1096.554,166.08
1096.794,165.08
1097.034,159.08
1097.275,174.08
1097.515,187.08
1097.755,167.08
1097.995,163.08
1098.235,176.08
1098.475,171.08
1098.716,166.08
1098.956,171.08
1099.196,158.08
1099.436,153.08
1099.676,163.08
1099.916,181.08
1100.156,168.08
1100.396,166.08
1100.636,167.08
1100.877,165.08
1101.117,172.08
1101.357,168.08
1101.597,178.08
1101.837,174.08
1102.077,165.08
1102.317,167.08
1102.557,163.08
1102.797,170.08
1103.037,155.08
1103.277,177.08
1103.517,161.08
1103.757,170.08
1103.997,165.08
1104.237,169.08
1104.477,162.08
1104.717,166.08
1104.957,174.08
1105.197,172.08
1105.437,169.08
1105.677,157.08
1105.917,164.08
1106.156,170.08
1106.396,165.08
1106.636,172.08
1106.876,170.08
1107.116,163.08
1107.356,163.08
1107.596,171.08
1107.836,162.08
1108.075,160.08
1108.315,161.08
1108.555,165.08
1108.795,162.08
1109.035,172.08
1109.275,161.08
1109.514,175.08
1109.754,166.08
1109.994,167.08
1110.234,173.08
1110.474,160.08
1110.713,165.08
1110.953,170.08
1111.193,176.08
1111.433,161.08
1111.672,161.08
1111.912,167.08
1112.152,159.08
1112.392,163.08
1112.631,170.08
1112.871,167.08
1113.111,161.08
1113.35,173.08
1113.59,181.08
1113.83,172.08
1114.07,170.08
1114.309,175.08
1114.549,169.08
1114.788,157.08
1115.028,151.08
1115.268,161.08
1115.507,181.08
1115.747,174.08
1115.987,174.08
1116.226,167.08
1116.466,175.08
1116.705,169.08
1116.945,167.08
1117.185,159.08
1117.424,176.08
1117.664,174.08
1117.903,169.08
1118.143,169.08
1118.382,157.08
1118.622,155.08
1118.861,165.08
1119.101,161.08
1119.34,174.08
1119.58,166.08
1119.819,168.08
1120.059,182.08
1120.298,181.08
1120.538,169.08
1120.777,175.08
1121.017,176.08
1121.256,164.08
1121.496,161.08
1121.735,159.08
1121.975,176.08
1122.214,169.08
1122.453,162.08
1122.693,159.08
1122.932,165.08
